CHR SNP POSITION Pred
19 BovineHD1900016546 58225098 0.03207
4 BovineHD4100002590 994681 0.0289
7 BovineHD0700006490 23690724 0.03265
26 BovineHD2600004139 16556656 0.03924
12 BTA-29393-no-rs 61179992 0.04108
15 ARS-BFGL-NGS-72108 46058920 0.03745
8 ARS-BFGL-NGS-66565 64979283 0.03922
1 BovineHD0100011861 41610509 0.03037
21 BovineHD2100019385 66114413 0.02964
20 BovineHD2000006711 22340520 0.04553
16 BovineHD1600022288 77057789 0.03498
18 ARS-BFGL-NGS-66258 26045554 0.02543
9 BovineHD0900017604 64140826 0.02879
8 BovineHD4100007011 90428892 0.06425
17 BovineHD1700018903 65631419 0.04333
3 BovineHD0300011892 38643159 0.03102
19 BovineHD1900006169 21510144 0.03277
6 BovineHD0600006425 23277965 0.03175
7 Hapmap32661-BTA-28979 38997984 0.03736
3 BovineHD0300013606 44419997 0.02885
1 BTB-00025322 53364989 0.03133
7 BovineHD0700012223 41929595 0.03271
24 BovineHD2400005284 19911627 0.0384
24 BovineHD2400016477 57578072 0.03578
5 BovineHD0500030759 106983690 0.03507
17 BovineHD4100013112 47818713 0.05703
11 BovineHD1100000768 2173686 0.04324
16 ARS-BFGL-NGS-74380 77170719 0.03646
4 BovineHD0400006981 23691695 0.03501
20 BovineHD2000006704 22322062 0.03464
2 BovineHD0200003305 11845611 0.03209
16 ARS-BFGL-NGS-111918 51063083 0.03043
9 BovineHD0900015773 57747539 0.02711
5 BovineHD0500030756 106981208 0.03768
6 BTB-01209089 67105986 0.03243
7 BovineHD0700020813 70719059 0.03945
2 BovineHD0200001035 3888369 0.04394
18 BovineHD1800001137 3878534 0.02838
19 BovineHD1900007478 25507388 0.03483
8 BovineHD0800017451 58253989 0.03707
20 BovineHD2000006700 22307439 0.03098
24 BovineHD2400013793 49354732 0.04094
14 BovineHD1400006708 23158403 0.0333
4 BovineHD0400023631 85489797 0.0308
14 UA-IFASA-6020 81613196 0.0307
16 BTA-38746-no-rs 37003329 0.03093
22 BovineHD2200000213 871613 0.03379
5 Hapmap47711-BTA-72953 23483262 0.03902
10 Hapmap42321-BTA-77310 81732421 0.03568
6 ARS-BFGL-NGS-2525 45813845 0.03784
